rinISS (ZARYA)             
1 25544U 98067A   23075.23172105  .00018076  00000+0  33334-3 0  9998
2 25544  51.6401  69.0379 0006032  97.2915  16.9613 15.49172669387371
AEROCUBE 12A            
1 43556U 18046C   23074.95659048  .00150603  00000+0  15236-2 0  9997
2 43556  51.6270 284.7749 0007362 260.2908  99.7255 15.64259115261344
AEROCUBE 12B            
1 43557U 18046D   23075.01270781  .00085456  00000+0  12658-2 0  9997
2 43557  51.6330 297.0607 0006086 260.5605  99.4698 15.54509375261131
ICS-EF (ISS DEB)        
1 45265U 98067RJ  23074.37032613  .01789080  11972-4  60674-3 0  9996
2 45265  51.6120 358.2596 0004051 210.6995 251.8641 16.24823967174343
ISS DEB                 
1 47853U 98067RZ  23074.20682713  .00036873  00000+0  41419-3 0  9990
2 47853  51.6388  55.0401 0000919  29.9894 330.1152 15.62249223114091
MMSATS-1                
1 47976U 98067SJ  23075.13275494  .00512588  12729-3  92023-3 0  9997
2 47976  51.6299  18.0816 0003865 129.7329 243.2470 16.01078778112940
CSS (TIANHE)            
1 48274U 21035A   23075.24834491  .00036310  00000+0  39833-3 0  9999
2 48274  41.4758   2.7953 0001595 154.1882 334.1381 15.62496563107290
ISS (NAUKA)             
1 49044U 21066A   23074.46494745  .00032151  00000+0  58587-3 0  9992
2 49044  51.6403  72.8326 0006029  93.4934  61.6668 15.49155088387253
FREGAT DEB              
1 49271U 11037PF  23074.37708863  .00048420  00000+0  14571+0 0  9997
2 49271  51.6519 207.0527 0971069 235.8207 114.6850 12.00808340 79607
CSS (WENTIAN)           
1 53239U 22085A   23074.29052855  .00035812  00000+0  39404-3 0  9992
2 53239  41.4758   8.6371 0001307 123.6765  10.0132 15.62424667107142
D3                      
1 53767U 98067UE  23074.08975131  .00425375  00000+0  15737-2 0  9998
2 53767  51.6267  57.8281 0005153  93.3105 266.8489 15.86464629 29659
BEAVERCUBE              
1 53768U 98067UF  23075.20536973  .00387233  00000+0  15821-2 0  9995
2 53768  51.6288  52.5467 0005477  96.7567 263.4059 15.84496490 29834
CLICK-A                 
1 53769U 98067UG  23075.14761472  .00397122  79691-4  69921-3 0  9999
2 53769  51.6356  43.8958 0006287  86.6755 273.4975 16.01408572 29940
SOYUZ-MS 22             
1 53879U 22116A   23074.46494745  .00032151  00000+0  58587-3 0  9990
2 53879  51.6403  72.8326 0006029  93.4934  61.6668 15.49155088387254
CSS (MENGTIAN)          
1 54216U 22143A   23074.29052855  .00035812  00000+0  39404-3 0  9993
2 54216  41.4758   8.6371 0001307 123.6765  10.0132 15.62424667107148
CYGNUS NG-18            
1 54232U 22149A   23074.46494745  .00032151  00000+0  58587-3 0  9990
2 54232  51.6403  72.8326 0006029  93.4934  61.6668 15.49155088387258
TIANZHOU-5              
1 54237U 22152A   23074.29052855  .00035812  00000+0  39404-3 0  9996
2 54237  41.4758   8.6371 0001307 123.6765  10.0132 15.62424667107141
SHENZHOU-15             
1 54379U 22162A   23074.29052855  .00035812  00000+0  39404-3 0  9994
2 54379  41.4758   8.6371 0001307 123.6765  10.0132 15.62424667107148
1998-067UL              
1 54534U 98067UL  23075.16955696  .00205493  00000+0  17315-2 0  9996
2 54534  51.6352  63.6119 0007861  97.3709 262.8182 15.68607676 16231
1998-067UM              
1 54535U 98067UM  23074.84759429  .00243826  00000+0  17371-2 0  9991
2 54535  51.6367  64.3096 0008481  86.2826 343.7562 15.72502321 16198
1998-067UN              
1 54536U 98067UN  23074.84600574  .00145345  00000+0  13628-2 0  9996
2 54536  51.6411  65.8223 0007727  94.3796 334.6485 15.66182961 16139
1998-067UP              
1 54537U 98067UP  23075.17945572  .00183986  00000+0  15454-2 0  9996
2 54537  51.6358  63.4842 0008440  80.3277   8.5347 15.68750142 16232
XW-4 (CAS-10)           
1 54816U 21035C   23072.25043904  .02330371  77621-5  12756-2 0  9996
2 54816  41.5077   9.4914 0017840 162.4710 197.7314 16.18206266 13316
MARIO                   
1 55123U 98067UQ  23075.15252576  .00239623  00000+0  20472-2 0  9997
2 55123  51.6375  65.0127 0007736  90.4980 269.6903 15.68161012 12020
NUTSAT                  
1 55124U 98067UR  23075.23134714  .00690431  00000+0  30547-2 0  9992
2 55124  51.6299  62.5088 0009953  95.5665 264.6472 15.82011735 12054
LORIS                   
1 55125U 98067US  23074.45531414  .00165581  00000+0  16890-2 0  9992
2 55125  51.6372  69.3519 0006786  95.0996 265.0774 15.64000612 11910
ORCASAT                 
1 55126U 98067UT  23074.24140821  .00120771  00000+0  13675-2 0  9998
2 55126  51.6387  70.9295 0006031  98.0510 262.1168 15.61501323 11876
TJREVERB                
1 55128U 98067UV  23074.60446083  .00156479  00000+0  16428-2 0  9992
2 55128  51.6373  68.8480 0008059  98.9314 261.2594 15.63290148 11929
SPORT                   
1 55129U 98067UW  23074.46482584  .00072849  00000+0  98378-3 0  9996
2 55129  51.6396  70.9180 0005416  94.8726 265.2884 15.57089660 11881
PETITSAT                
1 55130U 98067UX  23074.59482316  .00397764  00000+0  25305-2 0  9990
2 55130  51.6338  67.2709 0010705  89.0953 271.1273 15.74670641 11893
SS-1                    
1 55181U 98067UY  23074.96218015  .00204634  00000+0  18991-2 0  9996
2 55181  51.6369  66.7326 0010485  82.9467 277.2720 15.66203165 10694
HSKSAT                  
1 55182U 98067UZ  23074.26910704  .00117517  00000+0  13543-2 0  9995
2 55182  51.6373  71.1068 0008540  74.6421 285.5516 15.61037015 10587
OPTIMAL-1               
1 55183U 98067VA  23075.07598490  .00082816  00000+0  10464-2 0  9992
2 55183  51.6399  67.5038 0006803 116.8962 243.2727 15.58798594 10702
ISS DEB (SPX-26 IPA FSE)
1 55448U 98067VB  23074.88952942  .00046034  00000+0  70720-3 0  9994
2 55448  51.6396  69.9982 0008133  94.9803 265.2116 15.53759829  6710
PROGRESS-MS 22          
1 55560U 23018A   23074.46494745  .00032151  00000+0  58587-3 0  9991
2 55560  51.6403  72.8326 0006029  93.4934  61.6668 15.49155088387253
SOYUZ-MS 23             
1 55688U 23024A   23074.46494745  .00032151  00000+0  58587-3 0  9999
2 55688  51.6403  72.8326 0006029  93.4934  61.6668 15.49155088387254
CREW DRAGON 6           
1 55740U 23027A   23074.46494745  .00032151  00000+0  58587-3 0  9991
2 55740  51.6403  72.8326 0006029  93.4934  61.6668 15.49155088387253
CREW DRAGON 5 DEB       
1 55840U 22124B   23075.20565060  .00265982  32362-4  15638-2 0  9991
2 55840  51.3168  67.9403 0079370  73.7873 287.1826 15.73260431   701
DRAGON CRS-27           
1 55860U 23033A   23075.29520613 -.00000473  00000+0  00000+0 0  9993
2 55860  51.6460  68.7276 0005064 157.2869 310.8944 15.52624485   200
