ISS (ZARYA)             
1 25544U 98067A   23081.23536847  .00015504  00000+0  28517-3 0  9992
2 25544  51.6415  39.3221 0006075 118.2167  22.9014 15.49373629388307
AEROCUBE 12A            
1 43556U 18046C   23080.51182833  .00139041  00000+0  13232-2 0  9996
2 43556  51.6249 256.6193 0008339 288.3903  71.6185 15.65829865262216
AEROCUBE 12B            
1 43557U 18046D   23080.41135755  .00073887  00000+0  10649-2 0  9991
2 43557  51.6309 270.1129 0006753 284.9418  75.0825 15.55315244261976
ISS DEB                 
1 47853U 98067RZ  23080.21899173  .00032173  00000+0  35681-3 0  9991
2 47853  51.6392  24.6929 0000847  57.3200 302.7876 15.62646838115035
MMSATS-1                
1 47976U 98067SJ  23080.93947671  .00637646  21497-3  78848-3 0  9998
2 47976  51.6287 346.9133 0004321 185.0831 260.9078 16.07225523113874
CSS (TIANHE)            
1 48274U 21035A   23080.74034925  .00045157  00000+0  48415-3 0  9999
2 48274  41.4747 329.2752 0002310 206.4358 259.9505 15.63006217108159
ISS (NAUKA)             
1 49044U 21066A   23080.59213334  .00015261  00000+0  28104-3 0  9991
2 49044  51.6417  42.5066 0006123 115.9816  34.9851 15.49352032388208
FREGAT DEB              
1 49271U 11037PF  23080.53455162  .00028878  00000+0  82870-1 0  9997
2 49271  51.6410 189.9038 0983933 248.8697 100.4311 12.01405878 80340
CSS (WENTIAN)           
1 53239U 22085A   23080.10851009  .00045113  00000+0  48476-3 0  9991
2 53239  41.4747 333.1338 0002267 201.5337 305.0231 15.62949389108057
D3                      
1 53767U 98067UE  23080.31569060  .00435436  83658-4  13112-2 0  9990
2 53767  51.6256  25.1317 0005556 148.9141 211.2195 15.91644204 30643
BEAVERCUBE              
1 53768U 98067UF  23080.24564641  .00395873  00000+0  13682-2 0  9990
2 53768  51.6282  26.1902 0005704 139.5352 220.6078 15.87918772 30631
CLICK-A                 
1 53769U 98067UG  23080.25844046  .00476522  11785-3  65458-3 0  9998
2 53769  51.6356  16.4951 0005263 128.4387 231.7098 16.05537857 30766
SOYUZ-MS 22             
1 53879U 22116A   23080.59213334  .00015261  00000+0  28104-3 0  9999
2 53879  51.6417  42.5066 0006123 115.9816  34.9851 15.49352032388209
CSS (MENGTIAN)          
1 54216U 22143A   23080.10851009  .00045113  00000+0  48476-3 0  9992
2 54216  41.4747 333.1338 0002267 201.5337 305.0231 15.62949389108053
CYGNUS NG-18            
1 54232U 22149A   23080.59213334  .00015261  00000+0  28104-3 0  9999
2 54232  51.6417  42.5066 0006123 115.9816  34.9851 15.49352032388203
TIANZHOU-5              
1 54237U 22152A   23080.10851009  .00045113  00000+0  48476-3 0  9995
2 54237  41.4747 333.1338 0002267 201.5337 305.0231 15.62949389108056
SHENZHOU-15             
1 54379U 22162A   23080.10851009  .00045113  00000+0  48476-3 0  9993
2 54379  41.4747 333.1338 0002267 201.5337 305.0231 15.62949389108053
1998-067UL              
1 54534U 98067UL  23080.26346213  .00188143  00000+0  14795-2 0  9993
2 54534  51.6350  37.6269 0008087 125.1525 235.0231 15.70333247 17032
1998-067UM              
1 54535U 98067UM  23080.88362372  .00265831  00000+0  16597-2 0  9998
2 54535  51.6361  33.3073 0008513 127.2830 328.9852 15.75501087 17144
1998-067UN              
1 54536U 98067UN  23080.90956997  .00144757  00000+0  12659-2 0  9992
2 54536  51.6433  35.0029 0007757 122.7677 336.4625 15.67906851 17087
1998-067UP              
1 54537U 98067UP  23080.84576850  .00182670  00000+0  14135-2 0  9999
2 54537  51.6366  34.5681 0008255 120.7715 330.6555 15.70735342 17128
MARIO                   
1 55123U 98067UQ  23081.01109287  .00215654  00000+0  16783-2 0  9997
2 55123  51.6374  35.1364 0007940 126.5052 233.6678 15.70495790 12945
NUTSAT                  
1 55124U 98067UR  23080.84173058  .00774885  24799-3  26553-2 0  9992
2 55124  51.6285  33.2081 0010143 140.8872 219.2868 15.89024905 12947
LORIS                   
1 55125U 98067US  23081.16036218  .00151687  00000+0  14389-2 0  9993
2 55125  51.6371  35.3800 0007158 131.3881 228.7731 15.65875126 12962
ORCASAT                 
1 55126U 98067UT  23081.15003416  .00110082  00000+0  11812-2 0  9999
2 55126  51.6398  36.0677 0006433 133.0751 227.0783 15.62927983 12956
TJREVERB                
1 55128U 98067UV  23080.29101134  .00140842  00000+0  13957-2 0  9990
2 55128  51.6373  40.0738 0008359 127.9044 232.2708 15.64808474 12815
SPORT                   
1 55129U 98067UW  23080.30388815  .00060003  00000+0  79229-3 0  9991
2 55129  51.6391  41.6637 0005568 121.2238 238.9300 15.57772832 12790
PETITSAT                
1 55130U 98067UX  23080.48873306  .00413692  00000+0  21597-2 0  9996
2 55130  51.6340  36.8721 0010795 129.3031 230.8929 15.79095750 12827
SS-1                    
1 55181U 98067UY  23080.31853350  .00200486  00000+0  17180-2 0  9999
2 55181  51.6363  39.5033 0010379 111.3499 248.8606 15.68185130 11539
HSKSAT                  
1 55182U 98067UZ  23080.47612699  .00096818  00000+0  10646-2 0  9998
2 55182  51.6380  39.8088 0008462 104.7283 255.4650 15.62341397 11557
OPTIMAL-1               
1 55183U 98067VA  23080.33153782  .00079919  00000+0  97845-3 0  9997
2 55183  51.6407  41.1031 0007266 140.0297 220.1232 15.59642479 11524
ISS DEB (SPX-26 IPA FSE)
1 55448U 98067VB  23081.12719834  .00046181  00000+0  69525-3 0  9994
2 55448  51.6403  38.9063 0008201 119.7242 240.4566 15.54313977  7686
PROGRESS-MS 22          
1 55560U 23018A   23080.59213334  .00015261  00000+0  28104-3 0  9990
2 55560  51.6417  42.5066 0006123 115.9816  34.9851 15.49352032388208
SOYUZ-MS 23             
1 55688U 23024A   23080.59213334  .00015261  00000+0  28104-3 0  9998
2 55688  51.6417  42.5066 0006123 115.9816  34.9851 15.49352032388209
CREW DRAGON 6           
1 55740U 23027A   23080.59213334  .00015261  00000+0  28104-3 0  9990
2 55740  51.6417  42.5066 0006123 115.9816  34.9851 15.49352032388208
CREW DRAGON 5 DEB       
1 55840U 22124B   23080.30922332  .00254887  31117-4  13629-2 0  9994
2 55840  51.3186  41.5236 0075463  95.0062  53.2131 15.75696836  1503
DRAGON CRS-27           
1 55860U 23033A   23080.59213334  .00015261  00000+0  28104-3 0  9990
2 55860  51.6417  42.5066 0006123 115.9816  34.9851 15.49352032388201
